0.00000000 0.00000000 0.00000000
1.00000000 5.00000000 28.23010462
2.00000000 10.00000000 96.81194510
3.00000000 15.00000000 244.51543638
4.00000000 20.00000000 420.18634737
5.00000000 25.00000000 703.69454990
6.00000000 30.00000000 986.18430268
7.00000000 35.00000000 1388.39098547
8.00000000 40.00000000 1642.04553878
9.00000000 45.00000000 2074.99937333
10.00000000 50.00000000 2862.02108538
11.00000000 55.00000000 2477.89799152
12.00000000 60.00000000 3555.08284978
13.00000000 65.00000000 3835.70079875
14.00000000 70.00000000 4901.03478454
15.00000000 75.00000000 6229.47736830
16.00000000 80.00000000 7205.60399054
17.00000000 85.00000000 6751.37134689
18.00000000 90.00000000 8027.17070556
19.00000000 95.00000000 9514.61154686
20.00000000 100.00000000 10096.46208922
21.00000000 105.00000000 11812.06515546
22.00000000 110.00000000 13087.27309862
23.00000000 115.00000000 12474.93087183
24.00000000 120.00000000 14711.17899374
25.00000000 125.00000000 12785.34627636
26.00000000 130.00000000 19589.08774241
27.00000000 135.00000000 17761.62137161
28.00000000 140.00000000 17930.07221299
29.00000000 145.00000000 21310.72455523
30.00000000 150.00000000 20056.96633676
31.00000000 155.00000000 24933.88515641
32.00000000 160.00000000 25131.28551324
33.00000000 165.00000000 34480.16263718
34.00000000 170.00000000 33477.77156816
35.00000000 175.00000000 23897.41648736
36.00000000 180.00000000 35183.09522915
37.00000000 185.00000000 30617.46804484
38.00000000 190.00000000 36586.42083266
39.00000000 195.00000000 40196.15234835
40.00000000 200.00000000 44710.57355984
41.00000000 205.00000000 42512.62100294
42.00000000 210.00000000 53093.54299212
43.00000000 215.00000000 45761.94273654
44.00000000 220.00000000 51984.56501141
45.00000000 225.00000000 56149.82514510
46.00000000 230.00000000 55484.67356171
47.00000000 235.00000000 62493.66422756
48.00000000 240.00000000 61840.17598096
49.00000000 245.00000000 57530.88903386
50.00000000 250.00000000 53265.07321599
51.00000000 255.00000000 80194.92067390
52.00000000 260.00000000 66053.91166388
53.00000000 265.00000000 73788.87739592
54.00000000 270.00000000 80085.70658713
55.00000000 275.00000000 79543.44037931
56.00000000 280.00000000 74159.22435133
57.00000000 285.00000000 80523.02783620
58.00000000 290.00000000 86371.66256561
59.00000000 295.00000000 103891.46172321
60.00000000 300.00000000 85542.76514153
61.00000000 305.00000000 104337.35355362
62.00000000 310.00000000 103028.50310990
63.00000000 315.00000000 100780.70468125
64.00000000 320.00000000 95239.66304462
65.00000000 325.00000000 106728.71161343
66.00000000 330.00000000 112274.18053698
67.00000000 335.00000000 99564.10232764
68.00000000 340.00000000 122534.49182073
69.00000000 345.00000000 113607.16045011
70.00000000 350.00000000 126199.37490939
71.00000000 355.00000000 135472.61377455
72.00000000 360.00000000 122590.71072785
73.00000000 365.00000000 134560.09281295
74.00000000 370.00000000 147360.05351667
75.00000000 375.00000000 119400.56004087
76.00000000 380.00000000 165733.87179967
77.00000000 385.00000000 191528.03833370
78.00000000 390.00000000 173360.18101802
79.00000000 395.00000000 157142.09414578
80.00000000 400.00000000 173532.28139286
81.00000000 405.00000000 152913.55005725
82.00000000 410.00000000 207653.59512657
83.00000000 415.00000000 195963.33285020
84.00000000 420.00000000 197900.33074038
85.00000000 425.00000000 171396.70198914
86.00000000 430.00000000 198448.49387452
87.00000000 435.00000000 185807.10345071
88.00000000 440.00000000 195073.55551521
89.00000000 445.00000000 194206.87377072
90.00000000 450.00000000 188998.05005486
91.00000000 455.00000000 195740.16226724
92.00000000 460.00000000 215444.91530784
93.00000000 465.00000000 186670.96379358
94.00000000 470.00000000 243694.77258926
95.00000000 475.00000000 231885.86314233
96.00000000 480.00000000 256369.00025065
97.00000000 485.00000000 251230.52258177
98.00000000 490.00000000 262046.54548765
99.00000000 495.00000000 217032.22023164
100.00000000 500.00000000 233473.12597224
